time	V(vin)	V(vout)
0.000000000000000e+000	1.000000e-002	9.961503e-005
6.850539037884099e-004	1.432268e-002	4.420083e-003
1.370107807576820e-003	1.861762e-002	8.711151e-003
2.055161711365230e-003	2.288481e-002	1.297282e-002
2.740215615153640e-003	2.712426e-002	1.720509e-002
3.425269518942050e-003	3.133596e-002	2.140796e-002
4.110323422730459e-003	3.551992e-002	2.558143e-002
4.795377326518868e-003	3.967613e-002	2.972550e-002
6.023948755090293e-003	4.705030e-002	3.707288e-002
7.252520183661718e-003	5.410441e-002	4.409549e-002
8.481091612233142e-003	6.083845e-002	5.079334e-002
9.709663040804568e-003	6.725244e-002	5.716642e-002
1.093823446937599e-002	7.334636e-002	6.321475e-002
1.216680589794742e-002	7.912023e-002	6.893831e-002
1.339537732651884e-002	8.457403e-002	7.433711e-002
1.578109161223312e-002	9.390928e-002	8.354886e-002
1.816680589794739e-002	1.011015e-001	9.061395e-002
2.055252018366166e-002	1.061508e-001	9.553239e-002
2.293823446937593e-002	1.090571e-001	9.830418e-002
2.532394875509021e-002	1.098203e-001	9.892931e-002
2.770966304080448e-002	1.084406e-001	9.740778e-002
3.009537732651874e-002	1.049178e-001	9.373960e-002
3.165252018366164e-002	1.012551e-001	8.998913e-002
3.320966304080453e-002	9.684606e-002	8.549820e-002
3.476680589794743e-002	9.169075e-002	8.026682e-002
3.632394875509033e-002	8.578915e-002	7.429498e-002
3.788109161223322e-002	7.914128e-002	6.758269e-002
3.943823446937612e-002	7.174712e-002	6.012994e-002
4.099537732651901e-002	6.360667e-002	5.193673e-002
4.196680589794762e-002	5.830491e-002	4.660689e-002
4.293823446937621e-002	5.287522e-002	4.115251e-002
4.390966304080481e-002	4.731758e-002	3.557357e-002
4.488109161223342e-002	4.163201e-002	2.987009e-002
4.585252018366201e-002	3.581850e-002	2.404206e-002
4.682394875509061e-002	2.987705e-002	1.808949e-002
4.779537732651921e-002	2.380766e-002	1.201236e-002
4.838145433544779e-002	2.013993e-002	8.341789e-003
4.896753134437638e-002	1.647077e-002	4.671084e-003
4.955360835330497e-002	1.280017e-002	1.000246e-003
5.013968536223356e-002	9.128136e-003	-2.670724e-003
5.072576237116214e-002	5.454661e-003	-6.341826e-003
5.131183938009074e-002	1.779749e-003	-1.001306e-002
5.189791638901932e-002	-1.896600e-003	-1.368443e-002
5.265505924616220e-002	-6.630729e-003	-1.841014e-002
5.341220210330508e-002	-1.130123e-002	-2.307016e-002
5.416934496044796e-002	-1.590811e-002	-2.766449e-002
5.492648781759084e-002	-2.045136e-002	-3.219313e-002
5.568363067473371e-002	-2.493099e-002	-3.665607e-002
5.644077353187659e-002	-2.934699e-002	-4.105332e-002
5.719791638901947e-002	-3.369937e-002	-4.538488e-002
5.851220210330523e-002	-4.107632e-002	-5.272037e-002
5.982648781759098e-002	-4.799646e-002	-5.959439e-002
6.114077353187673e-002	-5.445980e-002	-6.600693e-002
6.245505924616248e-002	-6.046633e-002	-7.195799e-002
6.376934496044823e-002	-6.601605e-002	-7.744757e-002
6.508363067473398e-002	-7.110897e-002	-8.247567e-002
6.639791638901973e-002	-7.574508e-002	-8.704229e-002
6.918363067473410e-002	-8.340462e-002	-9.453402e-002
7.196934496044846e-002	-8.811635e-002	-9.908084e-002
7.475505924616284e-002	-8.988026e-002	-1.006828e-001
7.754077353187720e-002	-8.869637e-002	-9.933983e-002
8.032648781759157e-002	-8.456466e-002	-9.505198e-002
8.311220210330593e-002	-7.748515e-002	-8.781924e-002
8.589791638902029e-002	-6.745782e-002	-7.764161e-002
8.708363067473461e-002	-6.245407e-002	-7.258421e-002
8.826934496044893e-002	-5.712754e-002	-6.720843e-002
8.945505924616326e-002	-5.147821e-002	-6.151426e-002
9.064077353187758e-002	-4.550611e-002	-5.550171e-002
9.182648781759190e-002	-3.921121e-002	-4.917078e-002
9.301220210330621e-002	-3.259353e-002	-4.252146e-002
9.419791638902053e-002	-2.565307e-002	-3.555376e-002
9.482648781759198e-002	-2.192145e-002	-3.181000e-002
9.545505924616342e-002	-1.815490e-002	-2.803277e-002
9.608363067473487e-002	-1.435341e-002	-2.422207e-002
9.671220210330632e-002	-1.051698e-002	-2.037791e-002
9.734077353187777e-002	-6.645617e-003	-1.650029e-002
9.796934496044921e-002	-2.739314e-003	-1.258919e-002
9.859791638902066e-002	1.201926e-003	-8.644635e-003
9.929791638902068e-002	5.590153e-003	-4.254510e-003
9.986836142250284e-002	9.182305e-003	-6.621957e-004
1.004388064559850e-001	1.276473e-002	2.919160e-003
1.010092514894672e-001	1.633742e-002	6.489556e-003
1.015796965229493e-001	1.990039e-002	1.004899e-002
1.021501415564315e-001	2.345362e-002	1.359747e-002
1.027205865899136e-001	2.699713e-002	1.713499e-002
1.032910316233958e-001	3.053091e-002	2.066155e-002
1.043910316233958e-001	3.731586e-002	2.742889e-002
1.054910316233959e-001	4.389475e-002	3.398610e-002
1.065910316233959e-001	5.026759e-002	4.033319e-002
1.076910316233959e-001	5.643436e-002	4.647016e-002
1.087910316233959e-001	6.239508e-002	5.239701e-002
1.098910316233960e-001	6.814974e-002	5.811374e-002
1.109910316233960e-001	7.369834e-002	6.362035e-002
1.128053173376818e-001	8.223942e-002	7.208226e-002
1.146196030519675e-001	8.964598e-002	7.940428e-002
1.164338887662533e-001	9.591803e-002	8.558640e-002
1.182481744805391e-001	1.010555e-001	9.062862e-002
1.200624601948248e-001	1.050586e-001	9.453095e-002
1.218767459091106e-001	1.079270e-001	9.729338e-002
1.236910316233964e-001	1.096610e-001	9.891591e-002
1.256767459091105e-001	1.097678e-001	9.889929e-002
1.276624601948246e-001	1.084411e-001	9.745466e-002
1.296481744805387e-001	1.056809e-001	9.458200e-002
1.316338887662528e-001	1.014871e-001	9.028133e-002
1.336196030519669e-001	9.585973e-002	8.455264e-002
1.356053173376809e-001	8.879883e-002	7.739593e-002
1.375910316233950e-001	8.030438e-002	6.881120e-002
1.387481744805378e-001	7.487173e-002	6.333288e-002
1.399053173376805e-001	6.917567e-002	5.759561e-002
1.410624601948232e-001	6.321619e-002	5.159939e-002
1.422196030519660e-001	5.699332e-002	4.534421e-002
1.433767459091087e-001	5.050703e-002	3.883009e-002
1.445338887662514e-001	4.375734e-002	3.205701e-002
1.456910316233941e-001	3.674424e-002	2.502497e-002
1.463075355296441e-001	3.297765e-002	2.125051e-002
1.469240394358940e-001	2.919109e-002	1.745752e-002
1.475405433421440e-001	2.538456e-002	1.364600e-002
1.481570472483939e-001	2.155807e-002	9.815942e-003
1.487735511546438e-001	1.771161e-002	5.967356e-003
1.493900550608938e-001	1.384518e-002	2.100238e-003
1.500065589671437e-001	9.958789e-003	-1.785411e-003
1.506208446814294e-001	6.085889e-003	-5.656100e-003
1.512351303957150e-001	2.233077e-003	-9.505287e-003
1.518494161100007e-001	-1.599645e-003	-1.333297e-002
1.524637018242863e-001	-5.412279e-003	-1.713915e-002
1.530779875385719e-001	-9.204825e-003	-2.092383e-002
1.536922732528576e-001	-1.297728e-002	-2.468701e-002
1.543065589671432e-001	-1.672965e-002	-2.842869e-002
1.553637018242860e-001	-2.313145e-002	-3.480859e-002
1.564208446814287e-001	-2.932164e-002	-4.097325e-002
1.574779875385715e-001	-3.530023e-002	-4.692265e-002
1.585351303957142e-001	-4.106720e-002	-5.265680e-002
1.595922732528569e-001	-4.662256e-002	-5.817570e-002
1.606494161099997e-001	-5.196631e-002	-6.347934e-002
1.617065589671424e-001	-5.709846e-002	-6.856774e-002
1.634922732528565e-001	-6.514369e-002	-7.652985e-002
1.652779875385706e-001	-7.206796e-002	-8.336620e-002
1.670637018242847e-001	-7.787127e-002	-8.907679e-002
1.688494161099988e-001	-8.255360e-002	-9.366163e-002
1.706351303957129e-001	-8.611496e-002	-9.712070e-002
1.724208446814270e-001	-8.855535e-002	-9.945402e-002
1.742065589671411e-001	-8.987477e-002	-1.006616e-001
1.761065589671408e-001	-8.962754e-002	-1.002946e-001
1.780065589671406e-001	-8.807253e-002	-9.862516e-002
1.799065589671404e-001	-8.520974e-002	-9.565315e-002
1.818065589671402e-001	-8.103918e-002	-9.137860e-002
1.837065589671400e-001	-7.556084e-002	-8.580152e-002
1.856065589671398e-001	-6.877473e-002	-7.892190e-002
1.875065589671396e-001	-6.068084e-002	-7.073975e-002
1.886065589671395e-001	-5.555781e-002	-6.557183e-002
1.897065589671393e-001	-5.018930e-002	-6.016242e-002
1.908065589671392e-001	-4.457531e-002	-5.451151e-002
1.919065589671391e-001	-3.871584e-002	-4.861910e-002
1.930065589671390e-001	-3.261088e-002	-4.248520e-002
1.941065589671389e-001	-2.626044e-002	-3.610981e-002
1.952065589671387e-001	-1.966451e-002	-2.949293e-002
1.956922732528530e-001	-1.672977e-002	-2.655049e-002
1.961779875385672e-001	-1.377706e-002	-2.359097e-002
1.966637018242814e-001	-1.080639e-002	-2.061436e-002
1.971494161099957e-001	-7.817738e-003	-1.762067e-002
1.976351303957099e-001	-4.811122e-003	-1.460990e-002
1.981208446814241e-001	-1.786536e-003	-1.158203e-002
1.986065589671384e-001	1.256019e-003	-8.537090e-003
1.987065589671384e-001	1.882093e-003	-7.910637e-003
1.993317542796383e-001	5.814503e-003	-3.976727e-003
1.999569495921382e-001	9.739319e-003	-5.189090e-005
2.005821449046382e-001	1.365654e-002	3.863871e-003
2.012073402171381e-001	1.756617e-002	7.770558e-003
2.018325355296380e-001	2.146821e-002	1.166817e-002
2.024577308421380e-001	2.536265e-002	1.555671e-002
2.030829261546379e-001	2.924950e-002	1.943618e-002
2.041686404403520e-001	3.596639e-002	2.613653e-002
2.052543547260662e-001	4.248931e-002	3.263891e-002
2.063400690117804e-001	4.881825e-002	3.894332e-002
2.074257832974946e-001	5.495320e-002	4.504976e-002
2.085114975832087e-001	6.089418e-002	5.095822e-002
2.095972118689229e-001	6.664117e-002	5.666872e-002
2.106829261546371e-001	7.219419e-002	6.218124e-002
2.124543547260654e-001	8.068820e-002	7.059967e-002
2.142257832974938e-001	8.811660e-002	7.794706e-002
2.159972118689222e-001	9.447939e-002	8.422341e-002
2.177686404403506e-001	9.977657e-002	8.942872e-002
2.195400690117789e-001	1.040081e-001	9.356298e-002
2.213114975832073e-001	1.071741e-001	9.662621e-002
2.230829261546357e-001	1.092744e-001	9.861839e-002
2.251114975832069e-001	1.098613e-001	9.907881e-002
2.271400690117781e-001	1.089379e-001	9.803439e-002
2.291686404403493e-001	1.065043e-001	9.548511e-002
2.311972118689205e-001	1.025605e-001	9.143097e-002
2.332257832974917e-001	9.710644e-002	8.587199e-002
2.352543547260629e-001	9.014222e-002	7.880815e-002
2.372829261546341e-001	8.166780e-002	7.023946e-002
2.384543547260626e-001	7.626209e-002	6.478646e-002
2.396257832974910e-001	7.057895e-002	5.906055e-002
2.407972118689195e-001	6.461838e-002	5.306174e-002
2.419686404403479e-001	5.838039e-002	4.679002e-002
2.431400690117763e-001	5.186497e-002	4.024540e-002
2.443114975832048e-001	4.507212e-002	3.342789e-002
2.454829261546332e-001	3.800184e-002	2.633746e-002
2.461159618689189e-001	3.414654e-002	2.247360e-002
2.467489975832045e-001	3.026860e-002	1.858860e-002
2.473820332974901e-001	2.636802e-002	1.468247e-002
2.480150690117758e-001	2.244479e-002	1.075520e-002
2.486481047260614e-001	1.849892e-002	6.806805e-003
2.492811404403471e-001	1.453040e-002	2.837276e-003
2.499141761546327e-001	1.053924e-002	-1.153386e-003
2.505427475832041e-001	6.575232e-003	-5.115353e-003
2.511713190117754e-001	2.631846e-003	-9.055219e-003
2.517998904403468e-001	-1.290919e-003	-1.297298e-002
2.524284618689182e-001	-5.193062e-003	-1.686864e-002
2.530570332974895e-001	-9.074584e-003	-2.074220e-002
2.536856047260609e-001	-1.293549e-002	-2.459366e-002
2.543141761546323e-001	-1.677576e-002	-2.842302e-002
2.553713190117750e-001	-2.317660e-002	-3.480196e-002
2.564284618689177e-001	-2.936564e-002	-4.096547e-002
2.574856047260605e-001	-3.534289e-002	-4.691354e-002
2.585427475832032e-001	-4.110834e-002	-5.264618e-002
2.595998904403460e-001	-4.666200e-002	-5.816338e-002
2.606570332974887e-001	-5.200386e-002	-6.346515e-002
2.617141761546314e-001	-5.713394e-002	-6.855148e-002
2.634998904403456e-001	-6.517521e-002	-7.650964e-002
2.652856047260596e-001	-7.209526e-002	-8.334180e-002
2.670713190117737e-001	-7.789409e-002	-8.904794e-002
2.688570332974878e-001	-8.257169e-002	-9.362808e-002
2.706427475832019e-001	-8.612807e-002	-9.708222e-002
2.724284618689160e-001	-8.856322e-002	-9.941034e-002
2.742141761546301e-001	-8.987714e-002	-1.006125e-001
2.761141761546299e-001	-8.962401e-002	-1.002397e-001
2.780141761546296e-001	-8.806334e-002	-9.856461e-002
2.799141761546294e-001	-8.519513e-002	-9.558726e-002
2.818141761546292e-001	-8.101939e-002	-9.130761e-002
2.837141761546290e-001	-7.553612e-002	-8.572568e-002
2.856141761546288e-001	-6.874531e-002	-7.884146e-002
2.875141761546286e-001	-6.064697e-002	-7.065496e-002
2.886141761546285e-001	-5.552167e-002	-6.548482e-002
2.897141761546284e-001	-5.015108e-002	-6.007338e-002
2.908141761546282e-001	-4.453520e-002	-5.442064e-002
2.919141761546281e-001	-3.867404e-002	-4.852661e-002
2.930141761546280e-001	-3.256758e-002	-4.239127e-002
2.941141761546279e-001	-2.621584e-002	-3.601464e-002
2.952141761546278e-001	-1.961880e-002	-2.939671e-002
2.955713190117706e-001	-1.746550e-002	-2.723769e-002
2.959284618689134e-001	-1.530110e-002	-2.506805e-002
2.962856047260562e-001	-1.312561e-002	-2.288779e-002
2.966427475831990e-001	-1.093904e-002	-2.069693e-002
2.969998904403419e-001	-8.741378e-003	-1.849545e-002
2.973570332974846e-001	-6.532628e-003	-1.628336e-002
2.977141761546275e-001	-4.312789e-003	-1.406066e-002
2.978141761546275e-001	-3.690667e-003	-1.343782e-002
2.983228396590917e-001	-5.090936e-004	-1.025320e-002
2.988315031635559e-001	2.674722e-003	-7.067318e-003
2.993401666680202e-001	5.860779e-003	-3.880179e-003
2.998488301724844e-001	9.049078e-003	-6.917835e-004
3.003574936769487e-001	1.223962e-002	2.497871e-003
3.008661571814129e-001	1.543240e-002	5.688782e-003
3.013748206858772e-001	1.862743e-002	8.880952e-003
3.022891064001628e-001	2.437886e-002	1.462467e-002
3.032033921144484e-001	3.003709e-002	2.027218e-002
3.041176778287340e-001	3.560212e-002	2.582348e-002
3.050319635430197e-001	4.107396e-002	3.127857e-002
3.059462492573052e-001	4.645260e-002	3.663746e-002
3.068605349715909e-001	5.173804e-002	4.190014e-002
3.077748206858765e-001	5.693029e-002	4.706661e-002
3.092462492573049e-001	6.502282e-002	5.511080e-002
3.107176778287333e-001	7.250121e-002	6.253541e-002
3.121891064001617e-001	7.936545e-002	6.934045e-002
3.136605349715901e-001	8.561555e-002	7.552592e-002
3.151319635430185e-001	9.125150e-002	8.109181e-002
3.166033921144469e-001	9.627331e-002	8.603813e-002
3.180748206858753e-001	1.006810e-001	9.036487e-002
3.206462492573036e-001	1.062217e-001	9.574946e-002
3.232176778287319e-001	1.092521e-001	9.862766e-002
3.257891064001602e-001	1.097723e-001	9.899949e-002
3.283605349715885e-001	1.077821e-001	9.686495e-002
3.309319635430168e-001	1.032817e-001	9.222403e-002
3.335033921144451e-001	9.627102e-002	8.507673e-002
3.360748206858734e-001	8.675005e-002	7.542305e-002
3.373176778287303e-001	8.142011e-002	7.003879e-002
3.385605349715874e-001	7.574748e-002	6.431674e-002
3.398033921144444e-001	6.973214e-002	5.825690e-002
3.410462492573014e-001	6.337411e-002	5.185927e-002
3.422891064001584e-001	5.667338e-002	4.512386e-002
3.435319635430154e-001	4.962996e-002	3.805066e-002
3.447748206858724e-001	4.224384e-002	3.063967e-002
3.454766064001580e-001	3.801895e-002	2.640351e-002
3.461783921144437e-001	3.376049e-002	2.213562e-002
3.468801778287293e-001	2.946844e-002	1.783600e-002
3.475819635430150e-001	2.514282e-002	1.350465e-002
3.482837492573006e-001	2.078363e-002	9.141579e-003
3.489855349715862e-001	1.639085e-002	4.746776e-003
3.496873206858719e-001	1.196449e-002	3.202438e-004
3.503502671144432e-001	7.781492e-003	-3.861150e-003
3.510132135430146e-001	3.620270e-003	-8.019115e-003
3.516761599715860e-001	-5.191691e-004	-1.215365e-002
3.523391064001573e-001	-4.636827e-003	-1.626476e-002
3.530020528287287e-001	-8.732703e-003	-2.035244e-002
3.536649992573001e-001	-1.280680e-002	-2.441669e-002
3.543279456858714e-001	-1.685911e-002	-2.845751e-002
3.553850885430142e-001	-2.325819e-002	-3.483467e-002
3.564422314001569e-001	-2.944515e-002	-4.099608e-002
3.574993742572996e-001	-3.541998e-002	-4.694171e-002
3.585565171144424e-001	-4.118268e-002	-5.267158e-002
3.596136599715851e-001	-4.673326e-002	-5.818569e-002
3.606708028287278e-001	-5.207171e-002	-6.348403e-002
3.617279456858706e-001	-5.719803e-002	-6.856661e-002
3.635136599715847e-001	-6.523213e-002	-7.651758e-002
3.652993742572988e-001	-7.214454e-002	-8.334209e-002
3.670850885430129e-001	-7.793528e-002	-8.904015e-002
3.688708028287269e-001	-8.260433e-002	-9.361176e-002
3.706565171144410e-001	-8.615169e-002	-9.705690e-002
3.724422314001551e-001	-8.857737e-002	-9.937560e-002
3.742279456858692e-001	-8.988138e-002	-1.005678e-001
3.761279456858690e-001	-8.961757e-002	-1.001844e-001
3.780279456858688e-001	-8.804667e-002	-9.849921e-002
3.799279456858686e-001	-8.516868e-002	-9.551215e-002
3.818279456858684e-001	-8.098358e-002	-9.122324e-002
3.837279456858682e-001	-7.549139e-002	-8.563250e-002
3.856279456858680e-001	-6.869210e-002	-7.873991e-002
3.875279456858677e-001	-6.058571e-002	-7.054549e-002
3.886279456858676e-001	-5.545630e-002	-6.537131e-002
3.897279456858675e-001	-5.008195e-002	-5.995619e-002
3.908279456858674e-001	-4.446267e-002	-5.430012e-002
3.919279456858673e-001	-3.859845e-002	-4.840311e-002
3.930279456858671e-001	-3.248929e-002	-4.226516e-002
3.941279456858670e-001	-2.613519e-002	-3.588627e-002
3.952279456858669e-001	-1.953616e-002	-2.926642e-002
3.955850885430097e-001	-1.738230e-002	-2.710687e-002
3.959422314001525e-001	-1.521739e-002	-2.493675e-002
3.962993742572953e-001	-1.304144e-002	-2.275605e-002
3.966565171144382e-001	-1.085443e-002	-2.056479e-002
3.970136599715810e-001	-8.656389e-003	-1.836296e-002
3.973708028287238e-001	-6.447296e-003	-1.615055e-002
3.977279456858666e-001	-4.227158e-003	-1.392758e-002
3.978279456858666e-001	-3.604960e-003	-1.330468e-002
3.983478187327416e-001	-3.525619e-004	-1.004922e-002
3.988676917796165e-001	2.901876e-003	-6.792743e-003
3.993875648264915e-001	6.158353e-003	-3.535259e-003
3.999074378733664e-001	9.416869e-003	-2.767637e-004
4.004273109202414e-001	1.267742e-002	2.982743e-003
4.009471839671163e-001	1.594002e-002	6.243261e-003
4.014670570139913e-001	1.920465e-002	9.504790e-003
4.023956284425626e-001	2.504297e-002	1.533489e-002
4.033241998711339e-001	3.078227e-002	2.106288e-002
4.042527712997053e-001	3.642254e-002	2.668875e-002
4.051813427282766e-001	4.196379e-002	3.221250e-002
4.061099141568479e-001	4.740602e-002	3.763413e-002
4.070384855854192e-001	5.274923e-002	4.295365e-002
4.079670570139906e-001	5.799341e-002	4.817105e-002
4.094527712997047e-001	6.610490e-002	5.623269e-002
4.109384855854188e-001	7.358143e-002	6.365394e-002
4.124241998711329e-001	8.042300e-002	7.043477e-002
4.139099141568470e-001	8.662960e-002	7.657521e-002
4.153956284425612e-001	9.220124e-002	8.207524e-002
4.168813427282753e-001	9.713791e-002	8.693486e-002
4.183670570139894e-001	1.014396e-001	9.115408e-002
4.208956284425606e-001	1.066260e-001	9.618642e-002
4.234241998711317e-001	1.093856e-001	9.879593e-002
4.259527712997029e-001	1.097184e-001	9.898260e-002
4.284813427282740e-001	1.076244e-001	9.674643e-002
4.310099141568451e-001	1.031035e-001	9.208743e-002
4.335384855854163e-001	9.615583e-002	8.500559e-002
4.360670570139875e-001	8.678132e-002	7.550092e-002
4.373099141568445e-001	8.145423e-002	7.011946e-002
4.385527712997015e-001	7.578421e-002	6.439996e-002
4.397956284425585e-001	6.977125e-002	5.834243e-002
4.410384855854155e-001	6.341535e-002	5.194687e-002
4.422813427282725e-001	5.671651e-002	4.521328e-002
4.435241998711295e-001	4.967473e-002	3.814165e-002
4.447670570139865e-001	4.229001e-002	3.073199e-002
4.454670570139864e-001	3.807671e-002	2.650739e-002
4.461670570139864e-001	3.382983e-002	2.225107e-002
4.468670570139863e-001	2.954937e-002	1.796300e-002
4.475670570139862e-001	2.523533e-002	1.364320e-002
4.482670570139861e-001	2.088772e-002	9.291664e-003
4.489670570139860e-001	1.650653e-002	4.908391e-003
4.496670570139860e-001	1.209177e-002	4.933820e-004
4.503366998711287e-001	7.866167e-003	-3.730660e-003
4.510063427282716e-001	3.662818e-003	-7.930768e-003
4.516759855854143e-001	-5.182774e-004	-1.210694e-002
4.523456284425571e-001	-4.677120e-003	-1.625918e-002
4.530152712996999e-001	-8.813711e-003	-2.038748e-002
4.536849141568427e-001	-1.292805e-002	-2.449185e-002
4.543545570139855e-001	-1.702013e-002	-2.857229e-002
4.554116998711282e-001	-2.341581e-002	-3.494598e-002
4.564688427282709e-001	-2.959873e-002	-4.110327e-002
4.575259855854137e-001	-3.556887e-002	-4.704416e-002
4.585831284425564e-001	-4.132625e-002	-5.276864e-002
4.596402712996992e-001	-4.687085e-002	-5.827672e-002
4.606974141568419e-001	-5.220269e-002	-6.356839e-002
4.617545570139847e-001	-5.732176e-002	-6.864366e-002
4.635402712996988e-001	-6.534198e-002	-7.658067e-002
4.653259855854128e-001	-7.223962e-002	-8.339036e-002
4.671116998711269e-001	-7.801470e-002	-8.907272e-002
4.688974141568410e-001	-8.266721e-002	-9.362777e-002
4.706831284425551e-001	-8.619716e-002	-9.705549e-002
4.724688427282692e-001	-8.860454e-002	-9.935590e-002
4.742545570139833e-001	-8.988935e-002	-1.005290e-001
4.761545570139831e-001	-8.960493e-002	-1.001250e-001
4.780545570139829e-001	-8.801426e-002	-9.842012e-002
4.799545570139827e-001	-8.511734e-002	-9.541424e-002
4.818545570139824e-001	-8.091417e-002	-9.110739e-002
4.837545570139822e-001	-7.540475e-002	-8.549956e-002
4.856545570139820e-001	-6.858909e-002	-7.859077e-002
4.875545570139818e-001	-6.046718e-002	-7.038100e-002
4.886545570139817e-001	-5.532983e-002	-6.519901e-002
4.897545570139816e-001	-4.994823e-002	-5.977675e-002
4.908545570139815e-001	-4.432237e-002	-5.411423e-002
4.919545570139813e-001	-3.845226e-002	-4.821146e-002
4.930545570139812e-001	-3.233788e-002	-4.206842e-002
4.941545570139811e-001	-2.597926e-002	-3.568513e-002
4.952545570139810e-001	-1.937637e-002	-2.906157e-002
4.956831284425524e-001	-1.678732e-002	-2.646579e-002
4.961116998711238e-001	-1.418359e-002	-2.385603e-002
4.965402712996951e-001	-1.156518e-002	-2.123228e-002
4.969688427282665e-001	-8.932111e-003	-1.859455e-002
4.973974141568379e-001	-6.284367e-003	-1.594283e-002
4.978259855854093e-001	-3.621951e-003	-1.327713e-002
4.982545570139806e-001	-9.448630e-004	-1.059745e-002
4.983545570139806e-001	-3.201134e-004	-9.972194e-003
4.989981675050520e-001	3.724205e-003	-5.925548e-003
4.996417779961234e-001	7.762904e-003	-1.886090e-003
5.002853884871947e-001	1.179599e-002	2.146179e-003
5.009289989782662e-001	1.582345e-002	6.171259e-003
5.015726094693375e-001	1.984529e-002	1.018915e-002
5.022162199604089e-001	2.386152e-002	1.419985e-002
5.028598304514802e-001	2.787213e-002	1.820337e-002
5.039312590229087e-001	3.452060e-002	2.483635e-002
5.050026875943371e-001	4.098719e-002	3.128352e-002
5.060741161657656e-001	4.727189e-002	3.754489e-002
5.071455447371940e-001	5.337470e-002	4.362046e-002
5.082169733086225e-001	5.929563e-002	4.951022e-002
5.092884018800509e-001	6.503468e-002	5.521417e-002
5.103598304514794e-001	7.059184e-002	6.073232e-002
5.120884018800506e-001	7.903401e-002	6.910243e-002
5.138169733086219e-001	8.647813e-002	7.646902e-002
5.155455447371931e-001	9.292421e-002	8.283210e-002
5.172741161657644e-001	9.837224e-002	8.819167e-002
5.190026875943355e-001	1.028222e-001	9.254772e-002
5.207312590229068e-001	1.062742e-001	9.590026e-002
5.224598304514780e-001	1.087281e-001	9.824929e-002
5.245455447371921e-001	1.098264e-001	9.921745e-002
5.266312590229062e-001	1.093163e-001	9.858237e-002
5.287169733086202e-001	1.071977e-001	9.634403e-002
5.308026875943342e-001	1.034706e-001	9.250244e-002
5.328884018800483e-001	9.813501e-002	8.705760e-002
5.349741161657624e-001	9.119090e-002	8.000950e-002
5.370598304514764e-001	8.263829e-002	7.135816e-002
5.382455447371906e-001	7.723555e-002	6.590670e-002
5.394312590229048e-001	7.154349e-002	6.017054e-002
5.406169733086189e-001	6.556211e-002	5.414966e-002
5.418026875943330e-001	5.929143e-002	4.784408e-002
5.429884018800472e-001	5.273142e-002	4.125380e-002
5.441741161657614e-001	4.588211e-002	3.437880e-002
5.453598304514755e-001	3.874348e-002	2.721910e-002
5.460134018800469e-001	3.476985e-002	2.323629e-002
5.466669733086182e-001	3.077152e-002	1.923040e-002
5.473205447371896e-001	2.674850e-002	1.520142e-002
5.479741161657609e-001	2.270079e-002	1.114936e-002
5.486276875943322e-001	1.862838e-002	7.074209e-003
5.492812590229036e-001	1.453127e-002	2.975978e-003
5.499348304514750e-001	1.040947e-002	-1.145338e-003
5.505491161657606e-001	6.536255e-003	-5.016576e-003
5.511634018800462e-001	2.682469e-003	-8.866976e-003
5.517776875943319e-001	-1.151894e-003	-1.269654e-002
5.523919733086176e-001	-4.966832e-003	-1.650526e-002
5.530062590229032e-001	-8.762345e-003	-2.029314e-002
5.536205447371888e-001	-1.253843e-002	-2.406018e-002
5.542348304514745e-001	-1.629510e-002	-2.780639e-002
5.552919733086172e-001	-2.270594e-002	-3.419573e-002
5.563491161657600e-001	-2.890691e-002	-4.037155e-002
5.574062590229028e-001	-3.489800e-002	-4.633383e-002
5.584634018800454e-001	-4.067921e-002	-5.208259e-002
5.595205447371882e-001	-4.625056e-002	-5.761783e-002
5.605776875943309e-001	-5.161202e-002	-6.293954e-002
5.616348304514737e-001	-5.676362e-002	-6.804772e-002
5.634062590229021e-001	-6.478327e-002	-7.598553e-002
5.651776875943304e-001	-7.170359e-002	-8.281921e-002
5.669491161657588e-001	-7.752458e-002	-8.854876e-002
5.687205447371871e-001	-8.224623e-002	-9.317419e-002
5.704919733086156e-001	-8.586855e-002	-9.669548e-002
5.722634018800439e-001	-8.839154e-002	-9.911264e-002
5.740348304514723e-001	-8.981519e-002	-1.004257e-001
5.759491161657578e-001	-8.969175e-002	-1.001817e-001
5.778634018800433e-001	-8.823725e-002	-9.861195e-002
5.797776875943288e-001	-8.545170e-002	-9.571634e-002
5.816919733086143e-001	-8.133509e-002	-9.149490e-002
5.836062590228999e-001	-7.588742e-002	-8.594762e-002
5.855205447371853e-001	-6.910870e-002	-7.907451e-002
5.874348304514708e-001	-6.099892e-002	-7.087557e-002
5.885348304514707e-001	-5.589739e-002	-6.572903e-002
5.896348304514706e-001	-5.054855e-002	-6.033916e-002
5.907348304514705e-001	-4.495239e-002	-5.470595e-002
5.918348304514703e-001	-3.910891e-002	-4.882942e-002
5.929348304514702e-001	-3.301812e-002	-4.270954e-002
5.940348304514701e-001	-2.668002e-002	-3.634633e-002
5.951348304514700e-001	-2.009460e-002	-2.973979e-002
5.956205447371842e-001	-1.716378e-002	-2.680120e-002
5.961062590228985e-001	-1.421457e-002	-2.384510e-002
5.965919733086127e-001	-1.124699e-002	-2.087151e-002
5.970776875943269e-001	-8.261022e-003	-1.788043e-002
5.975634018800411e-001	-5.256676e-003	-1.487185e-002
5.980491161657554e-001	-2.233950e-003	-1.184577e-002
5.985348304514696e-001	8.071567e-004	-8.802192e-003
5.986348304514696e-001	1.432986e-003	-8.175968e-003
5.992517249827195e-001	5.312381e-003	-4.294983e-003
5.998686195139695e-001	9.185091e-003	-4.221260e-004
6.004855140452194e-001	1.305111e-002	3.442604e-003
6.011024085764694e-001	1.691045e-002	7.299207e-003
6.017193031077193e-001	2.076311e-002	1.114768e-002
6.023361976389693e-001	2.460908e-002	1.498803e-002
6.029530921702192e-001	2.844836e-002	1.882025e-002
6.040245207416477e-001	3.508820e-002	2.544420e-002
6.050959493130761e-001	4.154374e-002	3.187994e-002
6.061673778845046e-001	4.781498e-002	3.812747e-002
6.072388064559330e-001	5.390192e-002	4.418680e-002
6.083102350273615e-001	5.980456e-002	5.005791e-002
6.093816635987899e-001	6.552291e-002	5.574082e-002
6.104530921702184e-001	7.105695e-002	6.123552e-002
6.121959493130753e-001	7.952449e-002	6.962981e-002
6.139388064559322e-001	8.697222e-002	7.699882e-002
6.156816635987892e-001	9.340014e-002	8.334256e-002
6.174245207416462e-001	9.880826e-002	8.866102e-002
6.191673778845032e-001	1.031966e-001	9.295421e-002
6.209102350273601e-001	1.065651e-001	9.622212e-002
6.226530921702170e-001	1.089138e-001	9.846476e-002
6.247245207416454e-001	1.098499e-001	9.927155e-002
6.267959493130737e-001	1.092036e-001	9.850115e-002
6.288673778845021e-001	1.069748e-001	9.615355e-002
6.309388064559304e-001	1.031634e-001	9.222875e-002
6.330102350273588e-001	9.776956e-002	8.672676e-002
6.350816635987870e-001	9.079319e-002	7.964758e-002
6.371530921702154e-001	8.223432e-002	7.099120e-002
6.383388064559296e-001	7.680077e-002	6.550922e-002
6.395245207416438e-001	7.108066e-002	5.974531e-002
6.407102350273579e-001	6.507399e-002	5.369946e-002
6.418959493130720e-001	5.878076e-002	4.737167e-002
6.430816635987862e-001	5.220098e-002	4.076195e-002
6.442673778845004e-001	4.533464e-002	3.387029e-002
6.454530921702145e-001	3.818174e-002	2.669670e-002
6.460945263220002e-001	3.427651e-002	2.278266e-002
6.467359604737858e-001	3.034805e-002	1.884693e-002
6.473773946255714e-001	2.639637e-002	1.488953e-002
6.480188287773572e-001	2.242145e-002	1.091046e-002
6.486602629291428e-001	1.842330e-002	6.909701e-003
6.493016970809284e-001	1.440192e-002	2.887268e-003
6.499431312327141e-001	1.035731e-002	-1.156843e-003
6.505574169469998e-001	6.484133e-003	-5.028045e-003
6.511717026612853e-001	2.630455e-003	-8.878332e-003
6.517859883755710e-001	-1.203722e-003	-1.270770e-002
6.524002740898567e-001	-5.018397e-003	-1.651616e-002
6.530145598041424e-001	-8.813570e-003	-2.030370e-002
6.536288455184279e-001	-1.258924e-002	-2.407032e-002
6.542431312327136e-001	-1.634541e-002	-2.781603e-002
6.553002740898564e-001	-2.275522e-002	-3.420432e-002
6.563574169469991e-001	-2.895494e-002	-4.037889e-002
6.574145598041419e-001	-3.494459e-002	-4.633974e-002
6.584717026612845e-001	-4.072417e-002	-5.208685e-002
6.595288455184273e-001	-4.629367e-002	-5.762024e-002
6.605859883755700e-001	-5.165309e-002	-6.293990e-002
6.616431312327128e-001	-5.680243e-002	-6.804584e-002
6.634145598041412e-001	-6.481783e-002	-7.597939e-002
6.651859883755695e-001	-7.173361e-002	-8.280854e-002
6.669574169469980e-001	-7.754978e-002	-8.853329e-002
6.687288455184263e-001	-8.226633e-002	-9.315364e-002
6.705002740898547e-001	-8.588328e-002	-9.666958e-002
6.722717026612830e-001	-8.840061e-002	-9.908113e-002
6.740431312327114e-001	-8.981834e-002	-1.003883e-001
6.759574169469970e-001	-8.968841e-002	-1.001379e-001
6.778717026612824e-001	-8.822769e-002	-9.856195e-002
6.797859883755679e-001	-8.543618e-002	-9.566044e-002
6.817002740898535e-001	-8.131387e-002	-9.143337e-002
6.836145598041390e-001	-7.586077e-002	-8.588073e-002
6.855288455184244e-001	-6.907687e-002	-7.900253e-002
6.874431312327100e-001	-6.096219e-002	-7.079876e-002
6.885431312327098e-001	-5.585816e-002	-6.564979e-002
6.896431312327097e-001	-5.050704e-002	-6.025769e-002
6.907431312327096e-001	-4.490881e-002	-5.462247e-002
6.918431312327095e-001	-3.906347e-002	-4.874413e-002
6.929431312327093e-001	-3.297104e-002	-4.262267e-002
6.940431312327092e-001	-2.663150e-002	-3.625808e-002
6.951431312327091e-001	-2.004486e-002	-2.965038e-002
6.955431312327091e-001	-1.763463e-002	-2.723371e-002
6.959431312327090e-001	-1.521080e-002	-2.480403e-002
6.963431312327090e-001	-1.277337e-002	-2.236136e-002
6.967431312327089e-001	-1.032233e-002	-1.990568e-002
6.971431312327089e-001	-7.857694e-003	-1.743699e-002
6.975431312327088e-001	-5.379456e-003	-1.495530e-002
6.979431312327088e-001	-2.887615e-003	-1.246061e-002
6.980431312327088e-001	-2.264292e-003	-1.183667e-002
6.986436892684230e-001	1.501428e-003	-8.068042e-003
6.992442473041373e-001	5.265997e-003	-4.301937e-003
6.998448053398515e-001	9.029413e-003	-5.383546e-004
7.004453633755657e-001	1.279168e-002	3.222706e-003
7.010459214112800e-001	1.655279e-002	6.981246e-003
7.016464794469942e-001	2.031275e-002	1.073726e-002
7.022470374827085e-001	2.407156e-002	1.449076e-002
7.032613231969941e-001	3.040909e-002	2.081605e-002
7.042756089112796e-001	3.660262e-002	2.699374e-002
7.052898946255652e-001	4.265215e-002	3.302384e-002
7.063041803398509e-001	4.855769e-002	3.890634e-002
7.073184660541365e-001	5.431923e-002	4.464125e-002
7.083327517684220e-001	5.993677e-002	5.022856e-002
7.093470374827077e-001	6.541031e-002	5.566828e-002
7.109756089112789e-001	7.378883e-002	6.398424e-002
7.126041803398502e-001	8.132878e-002	7.145604e-002
7.142327517684214e-001	8.803015e-002	7.808368e-002
7.158613231969927e-001	9.389294e-002	8.386715e-002
7.174898946255639e-001	9.891716e-002	8.880646e-002
7.191184660541352e-001	1.031028e-001	9.290161e-002
7.207470374827064e-001	1.064499e-001	9.615260e-002
7.230041803398490e-001	1.090985e-001	9.866078e-002
7.252613231969917e-001	1.098341e-001	9.926069e-002
7.275184660541343e-001	1.086564e-001	9.795232e-002
7.297756089112768e-001	1.055657e-001	9.473566e-002
7.320327517684194e-001	1.005618e-001	8.961073e-002
7.342898946255621e-001	9.364477e-002	8.257751e-002
7.365470374827047e-001	8.481459e-002	7.363601e-002
7.377613231969903e-001	7.944908e-002	6.821884e-002
7.389756089112758e-001	7.376758e-002	6.249043e-002
7.401898946255614e-001	6.777008e-002	5.645079e-002
7.414041803398470e-001	6.145660e-002	5.009991e-002
7.426184660541326e-001	5.482712e-002	4.343779e-002
7.438327517684181e-001	4.788164e-002	3.646444e-002
7.450470374827037e-001	4.062018e-002	2.917985e-002
7.457259228063644e-001	3.651385e-002	2.506320e-002
7.464048081300250e-001	3.237826e-002	2.091903e-002
7.470836934536856e-001	2.821341e-002	1.674732e-002
7.477625787773463e-001	2.401930e-002	1.254809e-002
7.484414641010070e-001	1.979593e-002	8.321336e-003
7.491203494246675e-001	1.554330e-002	4.067052e-003
7.497992347483282e-001	1.126141e-002	-2.147575e-004
7.504492347483281e-001	7.160883e-003	-4.313513e-003
7.510992347483281e-001	3.081992e-003	-8.389050e-003
7.517492347483280e-001	-9.752642e-004	-1.244137e-002
7.523992347483279e-001	-5.010885e-003	-1.647047e-002
7.530492347483279e-001	-9.024869e-003	-2.047635e-002
7.536992347483278e-001	-1.301722e-002	-2.445902e-002
7.543492347483277e-001	-1.698793e-002	-2.841846e-002
7.554063776054705e-001	-2.338430e-002	-3.479294e-002
7.564635204626132e-001	-2.956802e-002	-4.095113e-002
7.575206633197560e-001	-3.553910e-002	-4.689306e-002
7.585778061768986e-001	-4.129754e-002	-5.261870e-002
7.596349490340414e-001	-4.684335e-002	-5.812807e-002
7.606920918911841e-001	-5.217651e-002	-6.342116e-002
7.617492347483269e-001	-5.729703e-002	-6.849798e-002
7.635349490340410e-001	-6.532002e-002	-7.643792e-002
7.653206633197551e-001	-7.222062e-002	-8.325072e-002
7.671063776054692e-001	-7.799884e-002	-8.893637e-002
7.688920918911832e-001	-8.265466e-002	-9.349486e-002
7.706778061768973e-001	-8.618809e-002	-9.692621e-002
7.724635204626115e-001	-8.859913e-002	-9.923041e-002
7.742492347483255e-001	-8.988778e-002	-1.004075e-001
7.761492347483253e-001	-8.960748e-002	-1.000078e-001
7.780492347483251e-001	-8.802077e-002	-9.830695e-002
7.799492347483249e-001	-8.512763e-002	-9.530498e-002
7.818492347483247e-001	-8.092808e-002	-9.100186e-002
7.837492347483245e-001	-7.542210e-002	-8.539760e-002
7.856492347483243e-001	-6.860971e-002	-7.849220e-002
7.875492347483241e-001	-6.049090e-002	-7.028565e-002
7.886492347483239e-001	-5.535514e-002	-6.510530e-002
7.897492347483238e-001	-4.997499e-002	-5.968455e-002
7.908492347483237e-001	-4.435044e-002	-5.402341e-002
7.919492347483236e-001	-3.848150e-002	-4.812188e-002
7.930492347483235e-001	-3.236817e-002	-4.197994e-002
7.941492347483233e-001	-2.601045e-002	-3.559761e-002
7.952492347483232e-001	-1.940834e-002	-2.897488e-002
7.956635204626089e-001	-1.690645e-002	-2.646651e-002
7.960778061768945e-001	-1.439063e-002	-2.394484e-002
7.964920918911802e-001	-1.186086e-002	-2.140987e-002
7.969063776054659e-001	-9.317159e-003	-1.886161e-002
7.973206633197516e-001	-6.759512e-003	-1.630004e-002
7.977349490340372e-001	-4.187924e-003	-1.372518e-002
7.981492347483229e-001	-1.602396e-003	-1.113702e-002
7.982492347483229e-001	-9.781019e-004	-1.051219e-002
7.989051499268942e-001	3.142119e-003	-6.389393e-003
7.995610651054657e-001	7.257104e-003	-2.273466e-003
8.002169802840370e-001	1.136685e-002	1.835593e-003
8.008728954626084e-001	1.547137e-002	5.937785e-003
8.015288106411798e-001	1.957064e-002	1.003311e-002
8.021847258197512e-001	2.366468e-002	1.412157e-002
8.028406409983225e-001	2.775349e-002	1.820316e-002
8.039120695697510e-001	3.440371e-002	2.483788e-002
8.049834981411794e-001	4.087254e-002	3.128730e-002
8.060549267126079e-001	4.715998e-002	3.755141e-002
8.071263552840363e-001	5.326604e-002	4.363021e-002
8.081977838554648e-001	5.919071e-002	4.952370e-002
8.092692124268932e-001	6.493399e-002	5.523188e-002
8.103406409983217e-001	7.049588e-002	6.075475e-002
8.120692124268929e-001	7.894685e-002	6.913362e-002
8.137977838554642e-001	8.640049e-002	7.650969e-002
8.155263552840354e-001	9.285681e-002	8.288296e-002
8.172549267126067e-001	9.831580e-002	8.825343e-002
8.189834981411779e-001	1.027775e-001	9.262109e-002
8.207120695697492e-001	1.062418e-001	9.598595e-002
8.224406409983204e-001	1.087088e-001	9.834800e-002
8.245263552840344e-001	1.098236e-001	9.933240e-002
8.266120695697485e-001	1.093292e-001	9.871292e-002
8.286977838554626e-001	1.072258e-001	9.648959e-002
8.307834981411766e-001	1.035133e-001	9.266238e-002
8.328692124268906e-001	9.819165e-002	8.723131e-002
8.349549267126047e-001	9.126093e-002	8.019637e-002
8.370406409983188e-001	8.272111e-002	7.155756e-002
8.382263552840329e-001	7.732472e-002	6.611231e-002
8.394120695697471e-001	7.163846e-002	6.038179e-002
8.405977838554612e-001	6.566231e-002	5.436599e-002
8.417834981411754e-001	5.939629e-002	4.806492e-002
8.429692124268895e-001	5.284038e-002	4.147857e-002
8.441549267126037e-001	4.599460e-002	3.460694e-002
8.453406409983179e-001	3.885894e-002	2.745004e-002
8.459856186768893e-001	3.493981e-002	2.352176e-002
8.466305963554606e-001	3.099606e-002	1.957042e-002
8.472755740340320e-001	2.702769e-002	1.559603e-002
8.479205517126034e-001	2.303470e-002	1.159858e-002
8.485655293911748e-001	1.901709e-002	7.578081e-003
8.492105070697461e-001	1.497486e-002	3.534527e-003
8.498554847483175e-001	1.090800e-002	-5.320805e-004
8.504840561768888e-001	6.943802e-003	-4.494474e-003
8.511126276054603e-001	2.999656e-003	-8.435333e-003
8.517411990340316e-001	-9.244374e-004	-1.235466e-002
8.523697704626030e-001	-4.828478e-003	-1.625245e-002
8.529983418911743e-001	-8.712465e-003	-2.012871e-002
8.536269133197457e-001	-1.257640e-002	-2.398344e-002
8.542554847483170e-001	-1.642028e-002	-2.781663e-002
8.553126276054598e-001	-2.282854e-002	-3.420337e-002
8.563697704626025e-001	-2.902641e-002	-4.037610e-002
8.574269133197453e-001	-3.501391e-002	-4.633479e-002
8.584840561768879e-001	-4.079104e-002	-5.207947e-002
8.595411990340307e-001	-4.635779e-002	-5.761012e-002
8.605983418911735e-001	-5.171417e-002	-6.292674e-002
8.616554847483162e-001	-5.686017e-002	-6.802934e-002
8.634269133197446e-001	-6.486921e-002	-7.595656e-002
8.651983418911730e-001	-7.177823e-002	-8.277898e-002
8.669697704626014e-001	-7.758722e-002	-8.849659e-002
8.687411990340297e-001	-8.229620e-002	-9.310940e-002
8.705126276054581e-001	-8.590514e-002	-9.661740e-002
8.722840561768864e-001	-8.841407e-002	-9.902060e-002
8.740554847483149e-001	-8.982297e-002	-1.003190e-001
8.759697704626004e-001	-8.968340e-002	-1.000591e-001
8.778840561768858e-001	-8.821342e-002	-9.847395e-002
8.797983418911713e-001	-8.541304e-002	-9.556368e-002
8.817126276054569e-001	-8.128225e-002	-9.132825e-002
8.836269133197424e-001	-7.582106e-002	-8.576765e-002
8.855411990340278e-001	-6.902947e-002	-7.888189e-002
8.874554847483134e-001	-6.090748e-002	-7.067096e-002
8.885554847483133e-001	-5.579974e-002	-6.551837e-002
8.896554847483131e-001	-5.044523e-002	-6.012297e-002
8.907554847483130e-001	-4.484392e-002	-5.448476e-002
8.918554847483129e-001	-3.899583e-002	-4.860375e-002
8.929554847483128e-001	-3.290094e-002	-4.247994e-002
8.940554847483127e-001	-2.655928e-002	-3.611332e-002
8.951554847483125e-001	-1.997082e-002	-2.950390e-002
8.956269133197411e-001	-1.712586e-002	-2.665145e-002
8.960983418911696e-001	-1.426343e-002	-2.378237e-002
8.965697704625981e-001	-1.138353e-002	-2.089664e-002
8.970411990340266e-001	-8.486144e-003	-1.799427e-002
8.975126276054551e-001	-5.571289e-003	-1.507525e-002
8.979840561768836e-001	-2.638959e-003	-1.213960e-002
8.984554847483122e-001	3.108452e-004	-9.187301e-003
8.985554847483122e-001	9.363884e-004	-8.561339e-003
8.991812659983121e-001	4.870895e-003	-4.625084e-003
8.998070472483121e-001	8.798953e-003	-6.967618e-004
9.004328284983120e-001	1.272056e-002	3.223628e-003
9.010586097483119e-001	1.663572e-002	7.136085e-003
9.016843909983118e-001	2.054443e-002	1.104061e-002
9.023101722483118e-001	2.444670e-002	1.493720e-002
9.029359534983117e-001	2.834251e-002	1.882586e-002
9.040073820697402e-001	3.498395e-002	2.545141e-002
9.050788106411686e-001	4.144154e-002	3.188919e-002
9.061502392125971e-001	4.771527e-002	3.813921e-002
9.072216677840255e-001	5.380515e-002	4.420145e-002
9.082930963554540e-001	5.971117e-002	5.007593e-002
9.093645249268824e-001	6.543333e-002	5.576264e-002
9.104359534983109e-001	7.097164e-002	6.126159e-002
9.121788106411678e-001	7.944716e-002	6.966383e-002
9.139216677840247e-001	8.690352e-002	7.704143e-002
9.156645249268817e-001	9.334072e-002	8.339439e-002
9.174073820697387e-001	9.875875e-002	8.872271e-002
9.191502392125956e-001	1.031576e-001	9.302639e-002
9.208930963554526e-001	1.065373e-001	9.630543e-002
9.226359534983095e-001	1.088979e-001	9.855983e-002
9.247073820697379e-001	1.098486e-001	9.938101e-002
9.267788106411662e-001	1.092162e-001	9.862444e-002
9.288502392125946e-001	1.070008e-001	9.629012e-002
9.309216677840229e-001	1.032024e-001	9.237804e-002
9.329930963554513e-001	9.782089e-002	8.688822e-002
9.350645249268795e-001	9.085634e-002	7.982064e-002
9.371359534983079e-001	8.230874e-002	7.117531e-002
9.383216677840220e-001	7.688084e-002	6.569884e-002
9.395073820697363e-001	7.116587e-002	5.993993e-002
9.406930963554504e-001	6.516383e-002	5.389857e-002
9.418788106411645e-001	5.887473e-002	4.757476e-002
9.430645249268786e-001	5.229857e-002	4.096851e-002
9.442502392125929e-001	4.543534e-002	3.407981e-002
9.454359534983070e-001	3.828504e-002	2.690867e-002
9.460770249268784e-001	3.438360e-002	2.299833e-002
9.467180963554497e-001	3.045863e-002	1.906602e-002
9.473591677840211e-001	2.651014e-002	1.511174e-002
9.480002392125925e-001	2.253813e-002	1.113548e-002
9.486413106411639e-001	1.854259e-002	7.137250e-003
9.492823820697351e-001	1.452353e-002	3.117047e-003
9.499234534983065e-001	1.048095e-002	-9.251296e-004
9.505520249268779e-001	6.516978e-003	-4.887149e-003
9.511805963554493e-001	2.573716e-003	-8.826976e-003
9.518091677840206e-001	-1.348835e-003	-1.274461e-002
9.524377392125920e-001	-5.250674e-003	-1.664006e-002
9.530663106411633e-001	-9.131802e-003	-2.051331e-002
9.536948820697347e-001	-1.299222e-002	-2.436437e-002
9.543234534983061e-001	-1.683192e-002	-2.819324e-002
9.553805963554488e-001	-2.323158e-002	-3.457115e-002
9.564377392125916e-001	-2.941922e-002	-4.073340e-002
9.574948820697343e-001	-3.539483e-002	-4.667999e-002
9.585520249268770e-001	-4.115843e-002	-5.241093e-002
9.596091677840197e-001	-4.671002e-002	-5.792621e-002
9.606663106411625e-001	-5.204958e-002	-6.322583e-002
9.617234534983052e-001	-5.717713e-002	-6.830979e-002
9.635091677840193e-001	-6.521357e-002	-7.626338e-002
9.652948820697335e-001	-7.212847e-002	-8.309066e-002
9.670805963554475e-001	-7.792184e-002	-8.879163e-002
9.688663106411616e-001	-8.259368e-002	-9.336629e-002
9.706520249268756e-001	-8.614399e-002	-9.681464e-002
9.724377392125898e-001	-8.857276e-002	-9.913668e-002
9.742234534983039e-001	-8.988000e-002	-1.003324e-001
9.761234534983037e-001	-8.961968e-002	-9.995277e-002
9.780234534983034e-001	-8.805212e-002	-9.827115e-002
9.799234534983032e-001	-8.517731e-002	-9.528754e-002
9.818234534983030e-001	-8.099527e-002	-9.100194e-002
9.837234534983028e-001	-7.550599e-002	-8.541436e-002
9.856234534983026e-001	-6.870947e-002	-7.852479e-002
9.875234534983024e-001	-6.060570e-002	-7.033323e-002
9.886234534983023e-001	-5.547763e-002	-6.516053e-002
9.897234534983022e-001	-5.010451e-002	-5.974678e-002
9.908234534983020e-001	-4.448634e-002	-5.409196e-002
9.919234534983019e-001	-3.862311e-002	-4.819609e-002
9.930234534983018e-001	-3.251483e-002	-4.205916e-002
9.941234534983017e-001	-2.616150e-002	-3.568116e-002
9.952234534983016e-001	-1.956312e-002	-2.906211e-002
9.957663106411586e-001	-1.627846e-002	-2.576904e-002
9.963091677840157e-001	-1.297291e-002	-2.245619e-002
9.968520249268728e-001	-9.646482e-003	-1.912357e-002
9.973948820697299e-001	-6.299166e-003	-1.577117e-002
9.979377392125870e-001	-2.930966e-003	-1.239899e-002
9.984805963554441e-001	4.581183e-004	-9.007036e-003
9.990234534983011e-001	3.868087e-003	-5.595304e-003
9.994234534983011e-001	6.378280e-003	-3.084538e-003
9.999686413501342e-001	9.802968e-003	3.399600e-004
1.000000000000000e+000	1.000000e-002	5.369467e-004
